1 dfd fdv 4 3 12 5 2019
6 ds dfs 4 2 12 4 2018
1 efg gdfg 1 1 12 3 2019
1 dfd fdv 4 3 12 5 2019
6 ds dfs 4 2 12 4 2018
1 efg gdfg 1 1 12 3 2019
-842150451   -6.27744e+66 -842150451 -842150451 -842150451 -842150451
-842150451   -6.27744e+66 -842150451 -842150451 -842150451 -842150451
-842150451   -6.27744e+66 -842150451 -842150451 -842150451 -842150451
1 fg efg 12 123 12 123 123
1 f ergerg 12 0 12 123 123
-842150451   -6.27744e+66 -842150451 -842150451 -842150451 -842150451
1 fg efg 12 1717987039 12 123 123
1 f ergerg 12 0 12 123 123
-842150451   -6.27744e+66 -842150451 -842150451 -842150451 -842150451
1 fg efg 12 -858993341 12 123 123
1 f ergerg 12 0 12 123 123
-842150451   -6.27744e+66 -842150451 -842150451 -842150451 -842150451
1 fg efg 12 858993575 12 123 123
1 f ergerg 12 0 12 123 123
-842150451   -6.27744e+66 -842150451 -842150451 -842150451 -842150451
1 fg efg 12 -1717986805 12 123 123
1 f ergerg 12 0 12 123 123
-842150451   -6.27744e+66 -842150451 -842150451 -842150451 -842150451
1 fg efg 12 111 12 123 123
1 f ergerg 12 0 12 123 123
-842150451   -6.27744e+66 -842150451 -842150451 -842150451 -842150451
1 fg efg 12 1717987027 12 123 123
1 f ergerg 12 0 12 123 123
-842150451   -6.27744e+66 -842150451 -842150451 -842150451 -842150451
1 fg efg 12 -858993353 12 123 123
1 f ergerg 12 0 12 123 123
-842150451   -6.27744e+66 -842150451 -842150451 -842150451 -842150451
1 fg efg 12 858993563 12 123 123
1 f ergerg 12 0 12 123 123
-842150451   -6.27744e+66 -842150451 -842150451 -842150451 -842150451
1 fg efg 12 -1717986817 12 123 123
1 f ergerg 12 0 12 123 123
-842150451   -6.27744e+66 -842150451 -842150451 -842150451 -842150451
1 fg efg 12 99 12 123 123
1 f ergerg 12 0 12 123 123
-842150451   -6.27744e+66 -842150451 -842150451 -842150451 -842150451
1 fg efg 12 1717987015 12 123 123
1 f ergerg 12 0 12 123 123
-842150451   -6.27744e+66 -842150451 -842150451 -842150451 -842150451
1 fg efg 12 -858993365 12 123 123
1 f ergerg 12 0 12 123 123
-842150451   -6.27744e+66 -842150451 -842150451 -842150451 -842150451
1 fg efg 12 858993551 12 123 123
1 f ergerg 12 0 12 123 123
-842150451   -6.27744e+66 -842150451 -842150451 -842150451 -842150451
1 fg efg 12 -1717986829 12 123 123
1 f ergerg 12 0 12 123 123
-842150451   -6.27744e+66 -842150451 -842150451 -842150451 -842150451
1 fg efg 12 87 12 123 123
1 f ergerg 12 0 12 123 123
-842150451   -6.27744e+66 -842150451 -842150451 -842150451 -842150451
1 fg efg 12 1717987003 12 123 123
1 f ergerg 12 0 12 123 123
-842150451   -6.27744e+66 -842150451 -842150451 -842150451 -842150451
1 fg efg 12 -858993377 12 123 123
1 f ergerg 12 0 12 123 123
-842150451   -6.27744e+66 -842150451 -842150451 -842150451 -842150451
